x: (1,3)
2.52	0.66	2.09	
erro: 2.413492
x: (1,4)
1.27	0.69	1.21	1.75	
erro: 0.825640
x3: (1,2)
2.28	-0.22	
erro: 0.051854
0.000000,0.000000
0.100000,0.958179
0.200000,1.875570
0.300000,2.753476
0.400000,3.593161
0.500000,4.395856
0.600000,5.162754
0.700000,5.895015
0.800000,6.593767
0.900000,7.260104
1.000000,7.895090
1.100000,8.499756
1.200000,9.075107
1.300000,9.622116
1.400000,10.141729
1.500000,10.634865
1.600000,11.102414
1.700000,11.545243
1.800000,11.964193
1.900000,12.360078
2.000000,12.733692
2.100000,13.085803
2.200000,13.417156
2.300000,13.728477
2.400000,14.020468
2.500000,14.293810
2.600000,14.549165
2.700000,14.787175
2.800000,15.008462
2.900000,15.213632
3.000000,15.403268
3.100000,15.577941
3.200000,15.738200
3.300000,15.884580
3.400000,16.017600
3.500000,16.137762
3.600000,16.245553
3.700000,16.341445
3.800000,16.425895
3.900000,16.499348
4.000000,16.562233
4.100000,16.614967
4.200000,16.657954
4.300000,16.691584
4.400000,16.716236
4.500000,16.732278
4.600000,16.740064
4.700000,16.739939
4.800000,16.732236
4.900000,16.717277
5.000000,16.695376
5.100000,16.666833
5.200000,16.631943
5.300000,16.590988
5.400000,16.544241
5.500000,16.491969
5.600000,16.434428
5.700000,16.371864
5.800000,16.304520
5.900000,16.232625
6.000000,16.156405
6.100000,16.076075
6.200000,15.991847
6.300000,15.903921
6.400000,15.812493
6.500000,15.717753
6.600000,15.619883
6.700000,15.519058
6.800000,15.415450
6.900000,15.309222
7.000000,15.200532
7.100000,15.089534
7.200000,14.976375
7.300000,14.861197
7.400000,14.744138
7.500000,14.625329
7.600000,14.504899
7.700000,14.382970
7.800000,14.259660
7.900000,14.135084
8.000000,14.009351
8.100000,13.882567
8.200000,13.754834
8.300000,13.626249
8.400000,13.496906
8.500000,13.366897
8.600000,13.236308
8.700000,13.105222
8.800000,12.973720
8.900000,12.841879
9.000000,12.709774
9.100000,12.577474
9.200000,12.445049
9.300000,12.312562
9.400000,12.180078
9.500000,12.047656
9.600000,11.915353
9.700000,11.783224
9.800000,11.651322
9.900000,11.519697
10.000000,11.388397
10.100000,11.257467
10.200000,11.126952
10.300000,10.996893
10.400000,10.867330
10.500000,10.738300
10.600000,10.609840
10.700000,10.481983
10.800000,10.354763
10.900000,10.228210
11.000000,10.102353
11.100000,9.977221
11.200000,9.852838
11.300000,9.729231
11.400000,9.606421
11.500000,9.484433
11.600000,9.363285
11.700000,9.242997
11.800000,9.123589
11.900000,9.005076
12.000000,8.887475
12.100000,8.770801
12.200000,8.655067
12.300000,8.540287
12.400000,8.426471
12.500000,8.313632
12.600000,8.201779
12.700000,8.090921
12.800000,7.981067
12.900000,7.872224
13.000000,7.764398
13.100000,7.657596
13.200000,7.551823
13.300000,7.447084
13.400000,7.343382
13.500000,7.240721
13.600000,7.139104
13.700000,7.038532
13.800000,6.939007
13.900000,6.840531
14.000000,6.743102
14.100000,6.646723
14.200000,6.551391
14.300000,6.457106
14.400000,6.363867
14.500000,6.271672
14.600000,6.180519
14.700000,6.090405
14.800000,6.001326
14.900000,5.913281
15.000000,5.826265
15.100000,5.740275
15.200000,5.655305
15.300000,5.571352
15.400000,5.488411
15.500000,5.406477
15.600000,5.325544
15.700000,5.245607
15.800000,5.166660
15.900000,5.088698
16.000000,5.011714
